report_date,price_om5451,price_daithom8,price_ir50404,price_tam,price_cam
2026-03-17,5800,6100,5500,7550,7700
2026-03-16,8450,6100,5500,7550,7900
2026-03-14,8450,6100,5500,7550,7900
2026-03-13,8450,6100,5500,7550,7900
2026-03-12,8550,6100,5500,7650,7950
2026-03-11,8550,6100,5500,7650,7950
2026-03-10,8550,6100,5500,7650,7950
2026-03-09,8600,6100,5500,7650,7900
2026-03-07,8300,6100,5500,7650,7900
2026-03-06,8300,6100,5500,7650,7900
2026-03-05,5800,9150,5500,7500,7900
2026-03-04,5800,9150,5400,7500,7900
2026-03-03,5800,9350,5400,7500,7950
2026-03-02,5800,2026,5400,7500,2026
2026-02-27,5800,9250,5400,7500,2026
2026-01-31,5800,6300,5500,5451,10000
2026-01-30,5800,6300,5500,5451,10000
2026-01-29,8800,6300,5500,5451,10000
2026-01-28,5600,6300,5500,5451,10000
2026-01-27,5600,6300,5500,5451,10000
2026-01-26,5600,6300,5500,7500,10000
2026-01-25,5600,6300,5500,7500,10000
2026-01-24,5600,6300,5500,7500,10000
2026-01-23,5600,6300,5500,7500,10000
2026-01-22,5600,6300,5500,7500,10000
2026-01-21,5600,6300,5500,7500,10000
2026-01-20,5600,6300,5500,7500,10000
2026-01-19,5600,6300,5500,7500,10000
2026-01-18,5600,6300,5500,7500,10000
2026-01-17,5600,6300,5500,7500,10000
2026-01-16,5600,6300,5500,7500,10000
2026-01-15,8150,8550,5500,7500,10000
2026-01-14,5800,6500,5500,7500,10000
2026-01-13,5800,6500,5500,7500,10000
2026-01-12,5800,6500,5500,7500,10000
2026-01-11,5800,6500,5500,7500,10000
2026-01-10,5800,6500,5500,7500,10000
2026-01-09,5800,6500,5500,7500,10000
2026-01-08,5800,6500,5500,7500,10000
2026-01-07,5800,6500,5500,7500,10000
2026-01-06,5800,6500,5500,7500,10000
2026-01-05,5800,6500,5500,7500,10000
2025-12-31,5800,6500,5500,7500,10000
2025-12-30,5800,6500,5500,7500,10000
2025-12-29,5800,6500,5500,7500,10000
2025-12-28,5800,6500,5500,7500,10000
2025-12-27,5800,6500,5500,7500,10000
2025-12-26,8150,5451,7500,7500,10000
2025-12-25,5500,6400,5300,7500,10000
2025-12-24,5500,6400,5300,7500,10000
2025-12-23,5500,6400,5300,7500,10000
2025-12-22,5500,6400,5300,7500,10000
2025-12-21,5500,6400,5300,7500,10000
2025-12-20,5500,6400,5300,7500,10000
2025-12-19,5500,6400,5300,7500,10000
2025-12-18,5500,6400,9500,7500,10000
2025-12-17,5500,6400,5200,7500,9000
2025-12-16,5500,6400,5200,7500,9000
2025-12-15,5500,6400,5200,5451,9000
2025-12-14,5500,6400,5200,5451,9000
2025-12-13,5500,6400,5200,5451,9000
2025-12-12,5500,6400,5200,5451,9000
2025-12-11,5300,5600,5100,5451,9000
2025-12-09,5900,6100,7700,5451,8000
2025-12-07,6200,6100,5700,5451,8000
2025-12-05,6200,6900,5400,5451,8000
2025-12-04,6200,6900,5800,7100,8000
2025-12-03,5700,6600,5500,7100,5550
2025-12-02,5800,6600,7700,7100,9000
2025-11-30,5200,5600,7550,7400,9000
2025-11-29,5200,5600,5100,7400,9000
2025-11-28,5200,5600,5100,7400,9000
2025-11-26,5200,5600,5100,7400,9000
2025-11-25,5200,5600,5100,5451,9000
2025-11-24,5200,5600,5100,5451,9000
2025-11-23,5200,5600,5100,5451,9000
2025-11-21,5200,5600,5100,5451,9000
2025-11-20,5200,5600,5100,5451,9000
2025-11-19,5300,5600,5100,5451,9000
2025-11-18,5300,5600,5100,5451,9000
2025-11-17,5300,5600,5100,5451,9000
2025-11-16,5300,5600,5100,5451,9000
2025-11-14,5300,5600,5100,5451,9000
2025-11-13,5300,5600,5100,5451,9000
2025-11-12,5500,6400,5200,5451,9000
2025-11-11,5300,5600,5100,5451,9000
2025-11-10,5400,5800,5000,5451,9000
2025-11-09,5900,6100,5700,5451,8000
2025-11-08,5900,6100,5700,5451,8000
2025-11-07,5800,6100,5700,5451,8000
2025-11-06,6200,6900,5400,5451,9000
2025-11-05,6200,6900,5400,5451,8000
2025-11-04,6200,6500,5800,7100,8000
2025-11-03,5300,6500,5500,7100,5550
2025-11-02,5300,6600,5400,7100,9000
2025-10-31,5300,5600,4800,5451,9000
2025-10-29,7950,5600,4800,5451,9000
2025-10-28,5300,5600,4800,5451,9000
2025-10-27,5300,5600,4800,5451,9000
2025-10-26,5300,5600,4800,5451,9000
2025-10-25,5300,5600,4800,5451,9000
2025-10-24,8100,5800,7700,5451,9000
2025-10-23,5400,5800,5000,5451,9000
2025-10-22,5400,5800,5000,5451,9000
2025-10-20,5400,5800,5000,5451,9000
2025-10-19,5400,5800,5000,5451,9000
2025-10-18,5400,5800,5000,5451,9000
2025-10-16,5400,5800,5000,5451,9000
2025-10-15,5400,5800,5000,5451,9000
2025-10-14,5400,5800,5000,5451,9000
2025-10-13,5400,5800,5000,5451,9000
2025-10-12,8200,6400,7550,5451,9000
2025-10-11,5300,5600,5100,5451,9000
2025-10-09,5900,6100,5700,5451,8000
2025-10-07,5800,6100,7600,5451,8000
2025-10-06,6200,6800,5400,5451,9000
2025-10-05,6200,6900,5400,5451,8000
2025-10-04,5800,6800,5800,7100,8000
2025-10-03,5800,6600,5500,7100,5550
2025-10-02,5800,6600,5400,7100,9000
2025-10-01,7400,7600,7200,5451,9000
2025-09-30,7700,5600,8100,5451,9000
2025-09-29,5300,5600,4700,5451,9000
2025-09-28,5300,5600,4700,5451,9000
2025-09-26,5300,5600,4700,5451,9000
2025-09-25,5300,5600,4700,5451,9000
2025-09-24,5300,5600,4700,5451,9000
2025-09-23,5900,5700,5000,5451,8000
2025-09-22,5900,5700,5000,5451,8000
2025-09-21,5900,5700,5000,5451,8000
2025-09-20,5900,5700,5000,5451,8000
2025-09-19,5900,5700,5000,5451,8000
2025-09-18,5900,5700,5000,5451,8000
2025-09-17,5900,5700,5000,5451,8000
2025-09-16,5900,5700,5000,5451,8000
2025-09-15,5900,5700,5000,5451,8000
2025-09-14,5900,5700,5000,5451,8000
2025-09-13,5900,5700,5000,5451,8000
2025-09-12,5400,6400,5100,5451,9000
2025-09-11,5300,5600,5100,5451,9000
2025-09-10,5400,5800,5000,5451,9000
2025-09-09,5900,6100,5700,5451,8000
2025-09-08,5900,6100,5700,5451,8000
2025-09-07,5800,6100,5600,7300,8000
2025-09-06,6200,6800,5400,5451,9000
2025-09-05,6200,6900,5400,5451,8000
2025-09-04,5800,6600,7900,7100,8000
2025-09-02,5800,6600,5400,7100,5200
2025-09-01,5900,6100,7200,7200,5950
2025-08-30,5900,6100,5700,5451,8000
2025-08-29,5900,6100,5700,5451,8000
2025-08-28,5900,6100,5700,5451,8000
2025-08-27,5900,6100,5700,5451,8000
2025-08-26,5900,6100,5700,5451,8000
2025-08-25,5900,6100,5700,5451,8000
2025-08-24,5900,6100,5700,5451,8000
2025-08-23,5900,6100,5700,5451,8000
2025-08-22,5900,6100,5700,7600,8000
2025-08-21,5900,6100,5700,7600,8000
2025-08-20,5900,6100,5700,7600,8000
2025-08-19,5900,6100,5700,7600,8000
2025-08-18,5900,6100,5700,7600,8000
2025-08-15,5900,6100,5700,5451,8000
2025-08-14,5900,6100,5700,5451,8000
2025-08-13,5900,6100,5700,5451,8000
2025-08-12,5400,6400,5100,5451,9000
2025-08-10,5400,5800,5000,5451,9000
2025-08-09,5900,6100,5700,5451,8000
2025-08-08,5900,6100,5700,5451,8000
2025-08-07,5800,6800,5600,5451,8000
2025-08-06,6200,6800,5400,5451,9000
2025-08-05,6200,6900,8200,5451,8000
2025-07-31,5900,6100,5700,5451,8000
2025-07-30,5900,6100,5700,5451,8000
2025-07-29,5900,6100,8450,5451,8000
2025-07-28,5900,6100,5700,5451,8000
2025-07-27,5900,6100,5700,5451,8000
2025-07-26,5900,6100,5700,5451,8000
2025-07-25,5900,6100,5700,5451,8000
2025-07-24,5900,6100,5700,7000,8000
2025-07-23,5900,6100,5700,7000,8000
2025-07-22,5900,6100,5700,7000,8000
2025-07-21,5900,6100,5700,7000,8000
2025-07-20,5900,6100,5700,7000,8000
2025-07-19,5900,6100,5700,5451,8000
2025-07-18,5900,6100,5700,5451,8000
2025-07-17,5900,6100,5700,5451,8000
2025-07-16,5900,6100,5700,5451,8000
2025-07-15,5900,6100,5700,5451,8000
2025-07-14,5900,6100,5700,5451,8000
2025-07-13,5900,6100,5700,5451,8000
2025-07-12,5400,6400,5100,5451,9000
2025-07-11,7950,5800,7600,5451,9000
2025-07-10,5400,5800,5000,5451,9000
2025-07-09,5900,6100,5700,5451,8000
2025-07-08,5900,6100,5700,5451,8000
2025-07-07,5900,6000,9500,7350,8000
2025-07-06,6200,6800,5400,7100,9000
2025-07-05,6200,6900,8200,7100,8000
2025-07-04,5900,6800,5700,7100,8000
2025-07-03,5900,6000,5500,7100,5550
2025-07-01,5900,6000,7500,7400,9000
2025-06-29,5900,6000,5300,7400,9000
2025-06-28,5900,6000,5300,7400,9000
2025-06-27,5900,6000,5300,7400,9000
2025-06-26,5900,6000,5300,7350,9000
2025-06-25,5900,6000,5300,7350,9000
2025-06-24,5900,6000,5300,5451,9000
2025-06-23,5900,6000,5300,5451,9000
2025-06-21,7400,6300,5300,5451,9000
2025-06-20,5800,6300,5300,5451,9000
2025-06-19,5800,6300,5300,5451,9000
2025-06-18,5700,6300,5300,5451,9000
2025-06-17,5700,6300,5400,5451,9000
2025-06-16,5700,6300,5400,5451,9000
2025-06-15,5700,6300,5400,5451,9000
2025-06-14,7200,6300,5400,5451,9000
2025-06-13,6000,6300,5400,5451,9000
2025-06-12,5400,6400,5100,5451,9000
2025-06-11,5300,5600,4800,5451,9000
2025-06-10,5400,5800,5000,5451,9000
2025-06-09,5900,6100,5700,5451,8000
2025-06-08,5900,6100,5700,5451,8000
2025-06-07,5900,6000,5500,7400,8000
2025-06-06,6200,6800,5400,7100,9000
2025-06-05,5900,6900,8200,7100,8000
2025-06-04,5900,6800,5700,7100,8000
2025-06-03,5700,6600,5500,7100,5550
2025-06-02,5800,6600,5400,7100,6000
2025-06-01,8400,8800,7400,7400,6000
2025-05-31,6000,6800,8250,5451,9000
2025-05-30,6000,6800,5300,5451,8000
2025-05-29,7500,6800,5300,5451,8000
2025-05-28,7500,6800,5300,5451,8000
2025-05-27,7500,6800,8250,5451,8000
2025-05-26,7500,6800,5200,5451,8000
2025-05-25,7500,6800,5200,5451,8000
2025-05-19,5900,6800,5300,5451,8000
2025-05-18,5900,6800,5300,5451,8000
2025-05-17,5900,6800,5300,5451,8000
2025-05-16,5900,6800,9500,5451,8000
2025-05-15,5900,6800,5400,5451,8000
2025-05-14,7350,6800,5400,5451,8000
2025-05-13,7350,6400,8200,5451,8000
2025-05-12,5400,6400,5100,5451,9000
2025-05-11,5300,5600,4800,5451,9000
2025-05-10,5400,5800,5000,5451,9000
2025-05-09,5900,6100,5700,5451,8000
2025-05-08,5900,6100,5700,5451,8000
2025-05-07,6400,6000,8100,7400,8000
2025-05-06,6400,6800,7900,7100,9000
2025-05-05,6400,6900,5700,7100,8000
2025-05-04,5900,6600,7900,7100,8000
2025-05-02,5800,6600,7700,7100,5500
2025-04-30,6400,6900,5700,7450,8000
2025-04-29,6500,6900,8050,7450,8000
2025-04-28,6500,6900,5800,7450,8000
2025-04-27,6500,6900,5800,7450,8000
2025-04-26,6500,6900,5800,7450,8000
2025-04-25,6500,6900,5800,7450,8000
2025-04-24,6500,6900,5800,7450,8000
2025-04-23,6300,6900,9500,7400,8000
2025-04-22,6300,6900,7900,7400,8000
2025-04-21,6300,6900,7900,7400,8000
2025-04-20,6300,6900,5800,7400,8000
2025-04-19,6200,6900,5800,7400,8000
2025-04-18,6200,6900,5800,7400,8000
2025-04-17,6200,6900,5800,7300,8000
2025-04-16,6200,6900,5800,7300,8000
2025-04-15,6200,6900,5800,5451,8000
2025-04-14,6200,6900,5800,5451,8000
2025-04-13,6200,6900,5800,5451,8000
2025-04-12,5400,6400,5100,5451,9000
2025-04-11,5300,5600,4800,5451,9000
2025-04-10,5400,5800,5000,5451,9000
2025-04-09,5900,6100,5700,5451,8000
2025-04-08,5900,6100,5700,5451,8000
2025-04-07,5800,6000,5400,7350,8000
2025-04-06,6000,6800,9500,7100,9000
2025-04-04,5900,6600,7900,7100,8000
2025-04-03,8400,6300,8100,7100,5550
2025-04-01,8400,8800,7400,7800,6000
2025-03-31,5800,6600,5600,7100,8000
2025-03-29,5800,6600,5600,7100,8000
2025-03-28,5800,6400,5600,7100,8000
2025-03-27,5800,6400,7700,7100,9000
2025-03-25,5800,6500,5500,7100,9000
2025-03-24,5800,6500,5500,7100,9000
2025-03-22,5800,6400,5500,7100,9000
2025-03-19,5700,6400,5500,7100,9000
2025-03-18,5700,6400,5500,7100,9000
2025-03-17,7950,6400,5500,7100,9000
2025-03-15,7950,6500,5500,7100,9000
2025-03-14,7950,6500,5500,7100,8000
2025-03-13,7950,6500,5500,7100,8000
2025-03-12,7950,8700,9500,5451,9000
2025-03-11,5300,5600,4800,5451,9000
2025-03-08,7450,6100,5700,5451,8000
2025-03-07,5800,6800,8100,7350,8000
2025-03-06,6400,6800,9500,7100,9000
2025-03-05,6400,6900,5700,7100,8000
2025-03-04,6000,6300,7900,7100,8000
2025-03-03,6000,6300,5500,7100,5550
2025-03-01,8400,6400,7400,7800,5550
2025-02-28,6000,6400,5500,7100,5550
2025-02-26,5800,6400,8000,7100,5550
2025-02-25,5800,6400,5400,7100,5550
2025-02-24,5800,6400,5400,7100,5550
2025-02-23,5800,6400,5400,7100,5550
2025-02-21,8600,6400,5400,7100,5550
2025-02-20,8600,6500,5400,7100,5550
2025-02-19,8600,6500,5400,7100,5450
2025-02-18,8600,6500,7700,7100,5450
2025-02-17,5800,6500,5200,7100,5350
2025-02-16,5800,6500,5200,7100,5350
2025-02-15,5800,6500,5200,7100,5350
2025-02-14,5800,6600,5451,7100,5300
2025-02-13,5800,6600,5300,7100,5300
2025-02-12,5200,5600,5200,5451,9000
2025-02-11,5300,5600,4800,5451,9000
2025-02-10,5400,5800,5000,5451,9000
2025-02-09,5900,6100,5700,5451,8000
2025-02-08,5900,6100,5700,5451,8000
2025-02-07,6000,6000,8100,7400,8000
2025-02-06,6000,6800,5400,7800,9000
2025-02-05,6400,6900,5700,7800,8000
2025-02-04,8400,6600,7900,7800,8000
2025-02-01,8400,8800,7400,7800,5900
2025-01-28,5800,7600,5500,7100,5600
2025-01-27,5800,7600,5500,7100,5600
2025-01-25,5800,7600,5500,7100,5600
2025-01-24,5800,7600,5500,7100,5600
2025-01-21,6500,7600,9500,7000,5700
2025-01-20,6500,7600,6200,7000,5700
2025-01-19,6500,7600,6200,7000,5700
2025-01-17,6500,7600,6200,6900,5700
2025-01-16,6500,7600,6200,6900,5700
2025-01-15,6500,7600,6200,6900,5700
2025-01-13,7400,7600,7200,7450,5750
2025-01-12,5200,5600,7550,7450,9000
2025-01-11,5300,5600,4800,5451,9000
2025-01-10,5400,5800,5000,5451,9000
2025-01-08,5900,6100,5700,5451,8000
2025-01-07,6400,6000,8100,7400,9000
2025-01-06,6400,6800,8250,5451,9000
2025-01-05,6400,6900,5700,7100,8000
2025-01-04,5800,6600,5600,7100,8000
2025-01-03,6000,6300,5500,7100,5550
2024-12-31,8400,8700,9000,7800,5700
2024-12-30,8300,8700,7300,7800,5700
2024-12-28,8300,9000,9000,8100,5700
2024-12-27,8300,9000,9000,8100,5700
2024-12-26,8300,9000,7400,8100,5600
2024-12-25,8300,9000,7400,8100,5600
2024-12-24,8400,9000,7400,8100,5600
2024-12-23,8400,9100,7400,8800,5600
2024-12-20,8600,9100,9000,8800,5700
2024-12-19,8600,9100,7600,8800,5700
2024-12-18,8600,9100,7600,8800,5700
2024-12-16,8600,9100,7600,8800,5750
2024-12-15,8600,9100,7600,8800,5750
2024-12-14,8600,9200,7800,9000,5750
2024-12-13,8600,9200,7800,9000,5900
2024-12-12,8600,9200,7800,9000,5900
2024-12-11,7400,8200,7300,5451,6100
2024-12-10,7200,7800,6800,5451,5950
2024-12-09,7600,7900,7400,5451,6450
2024-12-08,7000,7400,6900,5451,7250
2024-12-07,7000,7100,6800,5451,7000
2024-12-05,7600,7800,7400,5451,5451
2024-12-04,7600,5451,7200,9200,4850
2024-12-03,7400,7800,7300,9200,5700
2024-11-30,7800,8800,7800,9200,5700
2024-11-29,7800,8800,10200,9300,5700
2024-11-28,7800,8800,7600,9300,5700
2024-11-27,7600,8600,7600,9300,5950
2024-11-26,7600,8600,7600,9300,5950
2024-11-25,7600,8600,7600,9300,5950
2024-11-24,7600,8600,7600,9300,5950
2024-11-22,7600,8600,10350,9300,5950
2024-11-21,7500,8600,7400,9300,5950
2024-11-20,7500,8200,7400,5451,6000
2024-11-19,15000,8200,12400,5451,6000
2024-11-18,9200,8200,7400,5451,6000
2024-11-16,9200,8200,7400,5451,6050
2024-11-15,9200,8200,7400,5451,6050
2024-11-14,7500,8200,7400,5451,6050
2024-11-13,7500,8200,7400,5451,6050
2024-11-10,7200,7800,6800,5451,5950
2024-11-09,8000,8300,7600,5451,6600
2024-11-08,7000,7400,6900,5451,7250
2024-11-05,7600,7800,7400,5451,5451
2024-11-04,7600,7700,7200,5451,4700
2024-11-03,7400,7800,7300,5451,6300
2024-11-02,9200,9300,8800,5451,6300
2024-10-31,7200,7800,6800,5451,6300
2024-10-30,7200,7800,6800,5451,6200
2024-10-29,7200,7800,6700,5451,6100
2024-10-28,7200,7800,6700,5451,6100
2024-10-27,7200,7800,6700,5451,6100
2024-10-26,7200,7800,6700,5451,6100
2024-10-25,7200,7800,6800,5451,5900
2024-10-24,7200,7800,6800,5451,5900
2024-10-23,7200,7800,6800,5451,5900
2024-10-22,7200,7800,6800,5451,5900
2024-10-19,7200,7800,6800,5451,5900
2024-10-18,7200,7800,6800,5451,5900
2024-10-17,7200,7800,6800,5451,5900
2024-10-16,7200,7800,6800,5451,5900
2024-10-15,7200,7800,6800,5451,5950
2024-10-14,7200,7800,6800,5451,5950
2024-10-13,7200,7800,6800,5451,5950
2024-10-12,8600,8200,7800,9000,6900
2024-10-11,7300,8200,7300,5451,6900
2024-10-10,7200,7800,6800,5451,6000
2024-10-09,8000,8300,7600,5451,6600
2024-10-08,7000,7400,6900,5451,7250
2024-10-07,7000,7100,6800,5451,9000
2024-10-06,7600,7800,7400,5451,9000
2024-10-05,7600,7800,7400,5451,9317
2024-10-03,7400,7800,7300,5451,5950
2024-09-30,7400,8000,7100,5451,5950
2024-09-29,7400,8000,7100,5451,6000
2024-09-27,7400,8000,7100,5451,6000
2024-09-26,7600,8000,7300,5451,6000
2024-09-25,7600,8000,7300,5451,5900
2024-09-24,7600,8000,7300,5451,5800
2024-09-21,7600,8000,7300,5451,5750
2024-09-20,7600,8000,7300,5451,5750
2024-09-19,7600,8000,7300,5451,5900
2024-09-18,7600,8000,7200,5451,6000
2024-09-16,7600,7900,7300,5451,6000
2024-09-15,7600,7900,7300,5451,6150
2024-09-14,7600,7900,7300,5451,6150
2024-09-13,7600,7900,7300,5451,6150
2024-09-12,8600,9000,7800,9000,5900
2024-09-10,7200,7800,6800,5451,6000
2024-09-08,7000,7400,6900,5451,7250
2024-09-07,7000,7100,6800,5451,7000
2024-09-06,7600,7800,7400,5451,9000
2024-09-05,7600,7800,7400,5451,4650
2024-09-04,7600,7700,7200,5451,4650
2024-08-28,8200,8600,7900,5451,6900
2024-08-27,8200,8600,7800,5451,7000
2024-08-26,8200,8400,7800,5451,7000
2024-08-25,8200,8400,7800,5451,7100
2024-08-24,8200,8400,7800,5451,7100
2024-08-23,8200,8400,7800,5451,7150
2024-08-21,8200,8400,7800,5451,7150
2024-08-20,8000,8400,8000,5451,7150
2024-08-19,8000,8400,7800,5451,7450
2024-08-18,8000,8400,7800,5451,7200
2024-08-17,8000,8400,7800,5451,7200
2024-08-16,8000,8300,7500,5451,7200
2024-08-15,8000,8300,7500,5451,7300
2024-08-14,8000,7800,7500,5451,7300
2024-08-13,7800,7800,7400,5451,7250
2024-08-12,8600,9000,7800,9000,5900
2024-08-11,7300,8200,7300,5451,6900
2024-08-10,7200,7800,6800,5451,5950
2024-08-09,8200,8300,7800,5451,6600
2024-08-08,7000,7400,6900,5451,7250
2024-08-07,7000,7100,6800,5451,7000
2024-08-06,7600,7800,7400,5451,9000
2024-08-05,7600,7800,7400,5451,6350
2024-08-04,7400,7700,7200,9000,4650
2024-08-03,7400,7800,7300,9000,7150
2024-08-02,9200,9300,8800,9000,7150
2024-07-31,7000,7400,6900,9000,7150
2024-07-29,6900,7000,6800,9000,7100
2024-07-27,6900,7100,6800,9000,7100
2024-07-26,6900,7100,6800,9000,7100
2024-07-24,6900,7100,6900,9000,7100
2024-07-23,6900,7100,6900,9000,7100
2024-07-20,6900,7100,6900,9000,7000
2024-07-19,6500,7100,6900,9000,7000
2024-07-17,6900,7100,6900,9000,7000
2024-07-16,6900,9000,6900,9000,7000
2024-07-15,6800,9000,6700,9000,7000
2024-07-14,6800,9000,6700,9000,7000
2024-07-13,6800,9000,6700,9000,7000
2024-07-12,8600,9000,7800,9000,6900
2024-07-11,7400,8300,7000,5451,6900
2024-07-10,7200,7800,6800,5451,5950
2024-07-09,8200,8300,7800,5451,6600
2024-07-08,7000,7400,6900,5451,7200
2024-07-06,7600,7800,7400,5451,9000
2024-07-05,7600,7800,7400,5451,5900
2024-07-04,7400,7700,7200,5451,4600
2024-07-03,7400,7800,7300,5451,7000
2024-07-02,9200,9300,8800,5451,7000
2024-07-01,9500,9600,8900,5451,7000
2024-06-30,6900,7200,7000,5451,7000
2024-06-29,6900,7200,7000,5451,7000
2024-06-28,6900,7200,7000,5451,7000
2024-06-27,6900,7200,7000,5451,7000
2024-06-26,6900,7200,7000,5451,6950
2024-06-25,6900,7200,7000,5451,6950
2024-06-22,6900,7200,7000,5451,6950
2024-06-21,6900,7200,7000,5451,6950
2024-06-19,7400,7600,7200,5451,7000
2024-06-18,7600,7600,7400,5451,7050
2024-06-17,7600,7600,7400,5451,7100
2024-06-12,7400,8300,6700,5451,5900
2024-06-11,7400,8300,6700,5451,6800
2024-06-09,8200,8300,7800,5451,6750
2024-06-08,7000,7400,6900,5451,7200
2024-06-06,7600,8000,7400,5451,7250
2024-06-05,7600,8000,7400,5451,5900
2024-06-04,7400,7700,7200,5451,4600
2024-06-03,7400,7800,5451,5451,7200
2024-06-01,9500,9600,8900,5451,7200
2024-05-31,7600,7800,7400,5451,7200
2024-05-30,7600,7800,7400,5451,7200
2024-05-29,7600,7800,7400,5451,7200
2024-05-28,7600,7800,7400,5451,7200
2024-05-27,7500,8000,7500,5451,7200
2024-05-25,7500,8000,7500,5451,7050
2024-05-23,7600,7800,7500,5451,7050
2024-05-22,7600,7800,7500,10300,7050
2024-05-21,7600,7800,7500,10300,6950
2024-05-20,7600,7800,7500,10300,6950
2024-05-19,7600,7800,7500,5451,6900
2024-05-18,7600,7800,7500,5451,6900
2024-05-17,7600,7800,15000,5451,5451
2024-05-16,7600,7800,7400,5451,5451
2024-05-15,7600,7800,7600,5451,5451
2024-05-14,10400,7800,11600,5451,5451
2024-05-13,7600,7800,7400,5451,5451
2024-05-12,7400,8800,7600,9200,6800
2024-05-11,7400,8300,6700,5451,6800
2024-05-08,7000,7400,6900,5451,7200
2024-05-07,7000,7100,6800,5451,7000
2024-05-05,7600,8000,7400,5451,5900
2024-05-03,7300,7800,7200,5451,5451
2024-05-01,9500,9600,8900,5451,5451
2024-04-29,7600,8000,7400,5451,5451
2024-04-28,7600,8000,7400,5451,5451
2024-04-27,7600,8000,7400,5451,5451
2024-04-26,7500,8000,13900,9200,5550
2024-04-25,7500,8000,7300,9200,5550
2024-04-24,7600,8000,7300,9200,5550
2024-04-23,7600,8000,7300,9200,5350
2024-04-22,7600,8000,7300,9200,5350
2024-04-20,7600,8000,7300,9200,5300
2024-04-19,7500,7700,7300,9200,5200
2024-04-18,7600,7700,7300,9200,5200
2024-04-17,7600,7700,7300,9200,5200
2024-04-16,7600,7700,7300,9200,5200
2024-04-14,7600,7700,7200,9200,4950
2024-04-13,7600,7700,7200,9200,5800
2024-04-12,8000,8800,7600,9200,5800
2024-04-11,7300,7800,6700,5451,6700
2024-04-10,7200,7800,6800,5451,5950
2024-04-09,8200,8500,7900,5451,6800
2024-04-08,7000,7400,6900,9200,7000
2024-04-07,7000,7100,6900,9200,7000
2024-04-06,7600,7700,7400,9200,7250
2024-04-04,7400,7700,7200,9200,4600
2024-04-03,7300,7800,7200,9200,4700
2024-03-31,7500,7700,7400,9200,4700
2024-03-30,7500,7700,7400,9200,4700
2024-03-29,7500,7700,7400,9200,4800
2024-03-28,7500,7700,10150,9200,4800
2024-03-27,7600,7700,10700,9200,5000
2024-03-26,7600,7700,7400,9200,5000
2024-03-25,7600,7900,7400,9200,5000
2024-03-24,7600,7900,7400,9200,5050
2024-03-23,7600,8000,7400,9200,5050
2024-03-22,7600,8000,10600,9200,5050
2024-03-21,7700,8000,10600,9200,5200
2024-03-20,7700,7800,10600,9200,5200
2024-03-18,7600,7800,7400,9200,5800
2024-03-16,7600,7800,7400,9200,5800
2024-03-15,7600,7800,7400,9200,5800
2024-03-14,7600,7800,7400,9200,5800
2024-03-13,7600,7800,7400,9200,5800
2024-03-12,7300,8800,7600,9200,5800
2024-03-11,7300,7800,6700,5451,6700
2024-03-10,7200,7800,6900,5451,5950
2024-03-08,7000,7400,6900,5451,7200
2024-03-07,7000,7100,6900,5451,7000
2024-03-06,7600,7800,7400,5451,7200
2024-03-05,7600,8000,7400,5451,5451
2024-03-04,7400,7600,7200,9200,5800
2024-03-03,7300,7800,7200,9200,5800
2024-03-01,9500,9600,7100,9200,5800
2024-02-26,7200,7400,7100,9200,5800
2024-02-25,7200,7400,7100,9200,5800
2024-02-24,7200,7400,7100,9200,5800
2024-02-23,7200,7400,7100,9200,5800
2024-02-22,8300,8400,8200,9200,5800
2024-02-16,9200,9300,8800,9200,5800
2024-02-12,7800,8800,7800,9200,5800
2024-02-11,7300,7800,6700,5451,6700
2024-02-10,7200,7800,6900,5451,6000
2024-02-07,7000,7200,7000,5451,7000
2024-02-06,7600,7800,7400,5451,7200
2024-02-05,7600,8000,7400,5451,5451
2024-02-04,7500,7700,7400,9200,6400
2024-02-03,7300,7200,7200,9200,6400
2024-01-16,9600,9800,9200,9200,6400
2024-01-14,9500,9600,6600,9200,6400
2024-01-12,7800,8800,7800,9200,6400
2024-01-11,7300,7800,6700,5451,6400
2024-01-10,9500,5451,9700,5451,6000
2024-01-09,8200,8500,7900,5451,6900
2024-01-08,7000,7400,6900,5451,7200
2024-01-07,6900,7200,7000,5451,7000
2024-01-05,7600,8000,7400,5451,5550
2024-01-04,7500,7700,7400,5451,4800
2024-01-02,9300,9600,9000,5451,6600
2023-12-31,9500,9600,8900,5451,6600
2023-12-29,13900,14200,5451,5451,6600
2023-12-28,9500,9300,8900,5451,6600
2023-12-26,13900,14200,13100,5451,6600
2023-12-25,9400,9400,8900,5451,6600
2023-12-22,9400,9400,8900,5451,6600
2023-12-20,13800,14100,13050,5451,6600
2023-12-19,13800,14200,13050,5451,6600
2023-12-18,9400,9400,8900,5451,6600
2023-12-17,13750,14200,12950,5451,6600
2023-12-16,9400,9400,12950,5451,6600
2023-12-15,13750,14200,12950,5451,6600
2023-12-13,9400,9400,8800,9400,6600
2023-12-11,8900,9000,8800,9400,7500
2023-12-10,7800,7800,7900,9400,7000
2023-12-09,7700,8000,7800,9400,7600
2023-12-08,7300,7400,7300,9400,7600
2023-12-07,6400,6900,6500,9400,7550
2023-12-06,6300,6800,6200,9400,7400
2023-11-29,9000,9200,8700,5451,6600
2023-11-28,9000,9200,19000,5451,5451
2023-11-27,9000,9200,8700,5451,5451
2023-11-26,9000,9200,8700,5451,5451
2023-11-23,9000,9100,8700,5451,7500
2023-11-20,8900,9100,8700,5451,7500
2023-11-19,8900,9200,8800,5451,7500
2023-11-17,8900,9200,8800,5451,7500
2023-11-16,8900,9200,8800,5451,7500
2023-11-14,8900,9000,8800,5451,7500
2023-11-13,8900,9000,8800,5451,7500
2023-11-12,9400,9400,8800,5451,6600
2023-11-09,7700,8000,7800,5451,7250
2023-11-08,7300,7400,7300,5451,7600
2023-11-07,6400,5451,5800,5451,8500
2023-11-06,6300,6800,6200,5451,7400
2023-10-31,8800,8900,8700,14800,7500
2023-10-30,8700,8900,8600,14800,7400
2023-10-27,13200,8900,8600,14800,7400
2023-10-25,8400,8600,8400,14800,7100
2023-10-24,8400,8600,8400,14800,7100
2023-10-22,8000,8200,8000,14800,7100
2023-10-21,8000,8200,8000,14800,7100
2023-10-20,8000,13450,8000,5451,7100
2023-10-18,8000,8000,8000,5451,7100
2023-10-17,7800,7800,7900,5451,7100
2023-10-16,7800,7800,7900,5451,7050
2023-10-15,7800,7800,7900,5451,7050
2023-10-14,7800,7800,7900,5451,7050
2023-10-13,7800,7800,7900,5451,7000
2023-10-12,9400,9400,8800,5451,6600
2023-10-11,8900,9000,8800,9400,7500
2023-10-10,7700,7800,7800,9400,6900
2023-10-09,7800,8000,7800,9400,7250
2023-10-07,6400,6900,6400,9400,7600
2023-10-06,6300,6800,6200,9400,7400
2023-09-30,7600,7800,7700,5451,6750
2023-09-29,7600,7800,7700,5451,6650
2023-09-27,7600,7800,7600,5451,6650
2023-09-25,7700,7800,7600,5451,6400
2023-09-23,7700,8000,7600,5451,6400
2023-09-22,7700,8000,7600,5451,6400
2023-09-21,7700,8000,7700,5451,9317
2023-09-20,7700,8000,7700,5451,9317
2023-09-19,7700,8000,7700,5451,9317
2023-09-17,7700,8000,7800,5451,7100
2023-09-16,7700,8000,7800,5451,7100
2023-09-15,7700,8000,7800,5451,7100
2023-09-14,7700,8000,7800,5451,7100
2023-09-13,7700,8000,7800,5451,7100
2023-09-12,9400,9400,8800,5451,6600
2023-09-11,8900,9000,8800,9400,7500
2023-09-10,7700,7800,7800,9400,6900
2023-09-09,7800,8000,7800,9400,7250
2023-09-07,6400,6900,6400,9400,7600
2023-09-06,6300,6800,6200,9400,7400
2023-08-31,7800,8000,7800,7600,7300
2023-08-29,7800,8000,7800,7600,7500
2023-08-28,7800,8000,7800,7600,7500
2023-08-27,7750,7800,7750,7600,7500
2023-08-26,7750,7800,7750,7600,7500
2023-08-25,7750,7800,7750,7600,7600
2023-08-24,7750,7800,7750,7600,7600
2023-08-22,7750,7800,7800,7600,7600
2023-08-19,7600,7800,7600,7600,7600
2023-08-18,7600,7400,7300,7600,7600
2023-08-17,7600,7400,7300,7600,15000
2023-08-16,7600,7400,7300,14600,7550
2023-08-15,7600,7400,7300,14600,7600
2023-08-14,7600,7400,7300,14600,7600
2023-08-13,7300,7400,7300,14600,7600
2023-08-12,9400,9400,8800,5451,6600
2023-08-10,7700,7800,7800,9400,6900
2023-08-07,6400,6900,6400,9400,7600
2023-08-06,6300,6800,6200,9400,7400
2023-07-31,6700,6900,6700,11500,7600
2023-07-30,6700,6900,6700,11500,7600
2023-07-29,6700,6900,6700,11500,7550
2023-07-28,6700,6900,6700,11500,7450
2023-07-27,6700,6900,6700,11500,8500
2023-07-26,6700,6900,6700,11500,8500
2023-07-25,6700,6900,6700,11500,8500
2023-07-24,6400,6900,6700,11500,7350
2023-07-23,6400,6900,6700,11500,7350
2023-07-22,6400,6900,6700,11500,7350
2023-07-21,6400,6800,6600,11500,8500
2023-07-20,6400,6800,6500,11500,7300
2023-07-19,6400,6900,6600,11500,8500
2023-07-18,6400,6900,6600,11500,7350
2023-07-17,6400,6900,6600,11500,7350
2023-07-16,6400,6900,6600,11500,7350
2023-07-15,6400,6900,6600,11500,7400
2023-07-14,6400,6900,6600,11500,7400
2023-07-13,6400,6900,6500,11500,7450
2023-07-10,7700,7800,7800,11500,6900
2023-07-09,7800,8000,7800,11500,7250
2023-07-08,7000,6900,8000,11500,7700
2023-07-07,6400,6900,6300,9400,7600
2023-07-06,6300,6800,6200,9400,7400
2023-06-30,6300,6800,6300,9500,7500
2023-06-29,6300,6800,6300,9500,7400
2023-06-28,6400,6800,6300,9500,7400
2023-06-27,6200,6800,6200,9500,7400
2023-06-26,6100,5451,6200,9500,7400
2023-06-25,6300,6800,6200,9500,7600
2023-06-24,6300,6800,6200,9500,7500
2023-06-23,6300,6800,6200,9500,7600
2023-06-22,6300,6800,6200,9500,7600
2023-06-21,6300,6800,6200,9500,7500
2023-06-20,6300,6800,6200,9500,7500
2023-06-19,6300,6800,6200,9400,7500
2023-06-17,6300,6800,6200,9400,9400
2023-06-16,6300,6800,6200,9400,9400
2023-06-15,6300,6800,6200,9400,7400
2023-06-14,6300,6800,6200,9400,7400
2023-06-13,6300,6800,6200,9400,7400
2023-06-10,7700,7800,7800,11500,6800
2023-06-09,7000,8000,7800,11500,7250
2023-06-08,7000,6900,6800,11500,7700
2023-06-07,6400,6900,6300,9400,7600
2023-06-06,6300,6800,6200,9400,7400
2023-05-31,6300,6800,6200,9000,7600
2023-05-30,6300,6800,6200,9000,7600
2023-05-29,6400,6900,6200,9000,8000
2023-05-28,6400,6800,6200,9000,8000
2023-05-27,6400,6800,6200,9000,8000
2023-05-26,6400,6800,6200,9000,8000
2023-05-25,6400,6800,6200,9000,8000
2023-05-24,6400,6600,6200,9000,8800
2023-05-23,6400,6800,6200,9000,7500
2023-05-22,6400,6800,6200,9000,7450
2023-05-21,6400,6800,6200,9000,7450
2023-05-20,6400,6800,6200,9000,7500
2023-05-19,6400,6700,6400,9000,7700
2023-05-18,6300,6800,6200,11700,7350
2023-05-17,6300,6800,6200,11700,7350
2023-05-16,6300,6800,6200,11700,7350
2023-05-11,8800,8900,8700,11700,7500
2023-05-10,7700,7800,7800,11700,6800
2023-05-08,6400,6900,6800,11700,7700
2023-05-07,6400,6900,6300,9400,14000
2023-05-06,6300,6800,6200,9400,7400
2023-04-12,9000,9200,8700,5451,6600
2023-04-11,8800,8900,8700,9400,7500
2023-04-10,7700,7800,7800,9400,7300
2023-04-09,7800,8000,7800,9400,7300
2023-04-08,6400,6900,6800,9400,7650
2023-04-07,6400,6900,6300,9400,14000
2023-04-06,6300,6800,6200,9400,7400
2023-04-02,6600,6800,8700,9600,8450
2023-03-12,9000,9200,8700,5451,6600
2023-03-11,6300,6400,6200,9400,8700
2023-03-10,7700,7800,7800,9400,6750
2023-03-09,7800,8000,7800,9400,7300
2023-03-08,6800,6900,11150,9400,7600
2023-03-07,6300,6900,6300,9400,8500
2023-03-06,6300,6800,6200,9400,7400
2023-02-26,9000,9200,8700,5451,8000
2023-02-12,9000,9200,8700,5451,6600
2023-02-10,7600,7800,7700,9400,6750
2023-02-09,7800,8000,7800,9400,7300
2023-02-08,6300,6900,6600,9400,7600
2023-02-07,6300,6800,6300,9400,7600
2023-02-06,6300,6800,6200,9400,7400
2023-01-27,6800,7000,6200,9300,8100
2023-01-15,6700,6900,6200,9300,8100
2023-01-12,9000,9200,8700,5451,6600
2023-01-10,7600,7800,7700,9300,6750
2023-01-09,7800,8000,7800,9300,7300
2023-01-08,6700,6900,5451,9300,7600
2023-01-07,6300,6800,6300,9300,15000
2023-01-06,6300,6800,6200,9300,8500
2023-01-02,6800,7000,6200,9300,8100
2022-12-23,6400,6800,6200,9317,8100
2022-12-20,6400,6800,6200,9600,8500
2022-11-11,6500,6700,6200,9800,8700
2022-10-28,6300,6300,6200,9400,8400
2022-09-30,5500,5600,5300,9100,8250
2022-09-24,5500,5600,5300,8600,8250
2022-08-07,5800,6000,5500,11500,9200
2022-06-23,5800,5600,11500,9709,8900
2022-06-11,6400,6400,6200,9709,8700
2022-02-08,6500,6500,8050,7500,8200
2021-12-03,6500,6500,6200,7500,7000
2021-11-24,5600,5800,6500,7500,7650
2021-11-06,5300,5800,5100,7500,7650
2021-11-03,6800,6800,6600,7500,7000
2021-11-02,7100,7500,7000,7500,7650
2021-11-01,6800,7000,6750,7500,7650
2021-10-01,6800,7000,6750,7500,7650
2021-09-06,5400,6200,5200,7500,7650
2021-09-04,5500,6100,6350,7500,7650
2021-08-06,5500,6100,7800,7500,7650
2021-07-28,5500,6100,4800,7500,7500
2021-07-24,5500,6000,5200,7500,7500
2021-07-22,5500,5700,5200,7500,6700
2021-07-15,5100,5700,5100,7500,6700
2021-07-10,5100,5700,5500,7500,6700
2021-06-30,5000,6000,5100,7500,7350
2021-06-27,5000,5900,5200,7500,7600
2021-06-24,5000,5900,5200,7500,7650
2021-06-23,5000,5900,5200,7500,7650
2021-06-18,5000,5700,5100,7500,7650
2021-06-16,5400,5400,4800,7500,7600
2021-05-27,6100,6400,6100,7500,7500
2021-05-21,6100,6400,6100,7500,7500
2021-05-20,6100,6400,6100,7500,6000
2021-05-14,6300,6100,6500,7500,6000
2021-04-29,9317,6300,5900,7500,6000
2021-04-21,6000,6400,6000,7500,6000
2021-04-16,6000,6400,6000,7500,6000
2021-04-11,5600,5800,5000,7500,7450
2021-02-25,6900,6900,6900,7500,7350
2021-01-21,6900,7300,6900,7500,7350
2021-01-17,6900,7300,6900,7500,7350
2021-01-14,6900,7300,6900,7500,7350
2021-01-07,5300,6000,5000,7500,7350
2021-01-04,,10500,6400,7500,6000
