report_date,price_npk,price_kali,price_ure_camau
2024-01-01,15200,13500,10600
2024-01-02,15500,12900,10950
2024-01-03,14600,13650,12675
2024-01-04,15500,14400,14400
2024-01-05,14800,11200,10450
2024-01-06,14700,11200,9950
2024-01-07,14700,10900,9950
2024-01-08,14700,11900,10125
2024-01-13,15200,12900,10300
2024-01-15,16800,14400,11800
2024-01-16,15200,12900,10100
2024-01-17,15500,14400,11800
2024-01-18,15500,12900,10300
2024-01-19,15350,12900,10300
2024-01-20,15200,12900,10300
2024-01-22,16800,14400,11800
2024-01-23,15200,12900,10250
2024-01-24,15500,14400,11800
2024-01-25,15500,12900,10350
2024-01-26,15500,14400,11600
2024-01-27,15200,12900,10350
2024-01-29,16800,14400,11800
2024-01-30,15200,12900,10300
2024-01-31,15500,14400,11600
2024-02-01,15200,14400,11700
2024-02-02,15500,14400,11800
2024-02-03,15500,14400,11800
2024-02-04,14400,11200,10800
2024-02-05,15500,14400,14400
2024-02-07,15500,12200,11200
2024-02-08,15500,12000,12000
2024-02-09,14700,11200,11200
2024-02-13,15200,12900,10300
2024-02-14,15500,14400,11600
2024-02-15,15500,12900,10450
2024-02-16,16800,14400,11800
2024-02-17,15200,12900,10450
2024-02-19,15500,14400,11800
2024-02-20,15200,12900,10300
2024-02-21,15500,14400,11600
2024-02-22,15500,12900,10450
2024-02-23,16800,14400,11800
2024-02-24,15200,12900,10450
2024-02-26,15500,14400,11800
2024-02-27,15200,12900,10950
2024-02-28,15500,12900,11100
2024-02-29,15500,14400,11600
2024-03-01,15500,14400,11800
2024-03-02,15200,12900,11100
2024-03-04,15500,14400,15500
2024-03-05,5300,11200,10600
2024-03-06,15500,12000,11000
2024-03-07,14700,10900,11300
2024-03-08,14700,11100,11000
2024-03-13,15100,12750,11550
2024-03-14,15500,14400,12100
2024-03-15,15100,11100,11300
2024-03-16,15500,14400,12100
2024-03-18,15100,11100,10800
2024-03-19,15500,12750,11450
2024-03-20,15100,12750,11450
2024-03-21,16000,14400,12100
2024-03-22,15100,11200,11350
2024-03-23,15000,14400,12100
2024-03-25,16000,14400,12100
2024-03-26,11300,11200,11400
2024-03-27,15500,14400,12100
2024-03-29,16000,14400,12100
2024-03-30,15100,11200,11350
2024-04-01,15500,12900,10600
2024-04-03,14600,13650,12500
2024-04-04,15500,14400,14400
2024-04-05,15500,14400,14400
2024-04-06,14700,11200,9600
2024-04-13,15500,13800,13800
2024-04-15,14800,11200,10600
2024-04-16,15500,14400,14400
2024-04-17,14800,11200,11000
2024-04-18,15500,14400,14400
2024-04-19,14800,11300,11000
2024-04-20,14800,11200,10800
2024-04-22,15500,11300,12100
2024-04-23,14800,10800,12100
2024-04-24,15500,13800,12100
2024-04-25,14800,11200,10600
2024-04-26,14800,11200,12500
2024-04-27,15000,14400,14400
2024-04-30,15500,14400,12100
2024-05-01,15500,14400,11600
2024-05-02,15500,14400,11800
2024-05-03,15500,14400,11800
2024-05-04,15500,13300,11400
2024-05-06,15500,12200,11000
2024-05-07,14700,9950,9950
2024-05-08,14700,10400,11075
2024-05-13,15500,12200,12200
2024-05-14,14700,11200,10250
2024-05-15,16000,12200,10600
2024-05-16,14700,11200,10450
2024-05-17,15500,12000,11000
2024-05-18,14700,11200,13300
2024-05-19,14700,11300,12650
2024-05-20,15500,12000,12000
2024-05-22,14700,10250,10500
2024-05-23,17600,12200,11000
2024-05-24,15500,12200,11000
2024-05-25,14700,11200,10500
2024-05-27,15500,12200,11000
2024-05-28,14700,11200,10500
2024-05-29,15500,12200,12200
2024-05-30,14700,11300,10500
2024-05-31,16200,12200,10600
2024-06-01,15400,12900,10600
2024-06-02,15200,12900,10950
2024-06-03,14600,11100,11300
2024-06-04,15500,14400,12100
2024-06-05,14700,10250,10250
2024-06-06,14700,11200,10500
2024-06-07,16200,12200,11200
2024-06-08,15500,12200,12200
2024-06-13,14700,11075,11075
2024-06-14,14700,9950,9950
2024-06-15,15500,12200,12200
2024-06-17,14700,11100,13600
2024-06-18,15000,12200,15000
2024-06-19,14700,10400,9600
2024-06-20,15500,12200,12200
2024-06-21,15500,12200,11350
2024-06-22,14700,11100,10500
2024-06-24,15500,12200,15500
2024-06-25,14700,10900,10650
2024-06-26,14700,11100,11300
2024-06-27,15500,12200,15500
2024-06-28,14700,10400,11300
2024-06-29,15500,12000,12000
2024-07-02,16800,14400,11800
2024-07-03,15500,14400,11800
2024-07-05,15500,13800,13800
2024-07-06,15500,12200,11000
2024-07-08,14700,10100,10100
2024-07-13,14700,10900,11200
2024-07-15,15500,12200,15500
2024-07-16,14700,9800,11200
2024-07-17,16300,12200,11500
2024-07-18,14700,10400,11200
2024-07-19,15500,12200,11500
2024-07-20,14700,10900,9800
2024-07-22,15500,12200,11200
2024-07-23,14700,11100,11200
2024-07-24,15500,12000,12000
2024-07-25,14700,10900,10100
2024-07-26,15500,12200,15500
2024-07-27,14700,11100,13850
2024-07-29,15500,12200,12200
2024-07-30,14700,10900,11850
2024-07-31,16000,12200,11500
2024-08-01,17300,14400,11800
2024-08-02,15500,12900,11100
2024-08-03,15100,11100,10800
2024-08-04,14800,11200,11350
2024-08-05,14700,11200,10250
2024-08-06,14700,11200,10500
2024-08-07,14700,10900,11300
2024-08-08,15500,12200,15500
2024-08-13,15500,12200,12200
2024-08-14,14700,11100,10700
2024-08-15,16000,12200,11500
2024-08-16,14700,11100,12700
2024-08-17,16000,12200,11500
2024-08-19,14700,10100,10700
2024-08-20,15500,12200,11500
2024-08-21,14700,10100,10100
2024-08-22,15500,12200,12200
2024-08-23,14700,11100,10700
2024-08-24,15500,12200,12200
2024-08-26,14700,11100,10700
2024-08-27,14700,11100,10700
2024-08-28,15500,12200,12200
2024-08-29,14700,11100,10700
2024-08-30,15500,12000,12000
2024-08-31,14700,11100,11100
2024-09-01,15200,12900,10350
2024-09-02,16800,14400,11800
2024-09-03,15500,14400,11800
2024-09-04,16000,14400,12100
2024-09-05,14700,11200,10250
2024-09-07,14700,10900,9950
2024-09-08,14400,11100,10100
2024-10-01,15500,14400,11800
2024-10-02,15200,12900,10450
2024-10-04,14800,11200,11350
2024-10-05,15500,11700,11175
2024-10-06,15500,12200,11000
2024-10-07,15500,12200,11500
2024-10-08,16000,12200,11500
2024-11-01,15500,12900,10600
2024-11-03,15100,11100,10800
2024-11-04,17600,14400,14400
2024-11-05,14700,11200,10450
2024-11-06,14700,11150,11025
2024-11-07,14700,11100,11025
2024-12-01,15500,14400,11600
2024-12-02,15500,14400,11800
2024-12-03,15500,14400,12100
2024-12-04,9700,11200,11550
2024-12-06,15500,12200,11000
2024-12-07,15000,12200,11500
2024-12-08,14700,10100,10700
2025-01-04,17600,10600,12100
2025-01-07,14400,10800,10000
2025-01-08,13000,10800,12600
2025-01-09,14400,10800,12600
2025-01-10,14400,10800,12600
2025-01-12,14000,10800,14000
2025-02-04,14500,10800,11700
2025-02-05,14400,10800,12150
2025-02-06,14100,10800,12600
2025-02-07,8600,10700,12600
2025-02-09,14000,10800,12600
2025-02-10,14100,10800,12600
2025-02-12,14400,10800,10300
2025-03-04,13500,10600,13500
2025-03-06,14400,10800,10000
2025-03-07,14800,10800,12000
2025-03-09,14600,10800,12600
2025-03-10,14600,10800,10300
2025-03-11,14100,10800,12600
2025-03-12,14100,9800,12600
2025-03-13,14500,10800,12000
2025-03-14,13500,9800,9800
2025-03-15,14500,10800,12000
2025-03-17,13500,10400,13500
2025-03-18,14500,10800,11200
2025-03-19,13500,10400,10400
2025-03-20,14500,10800,12000
2025-03-24,14500,10800,11900
2025-03-25,13500,10400,11900
2025-03-26,13500,10400,11800
2025-03-27,14500,10800,11700
2025-03-28,13500,10700,11800
2025-03-31,13500,10600,11900
2025-04-04,14500,10800,11700
2025-04-06,14000,10700,12600
2025-04-07,14100,10700,10700
2025-04-08,14600,10800,12400
2025-04-09,14000,12200,12600
2025-04-12,14400,10800,12600
2025-04-15,14500,10800,12250
2025-04-16,13500,10600,12250
2025-04-17,14500,10800,11900
2025-04-18,13500,10600,12200
2025-04-21,14000,10600,12500
2025-04-22,14500,10800,12000
2025-04-23,14000,10600,12400
2025-04-24,14500,10800,12000
2025-04-25,13500,11000,12300
2025-04-28,13500,11200,12600
2025-04-29,14500,10800,12200
2025-05-03,13500,9800,9800
2025-05-05,13500,11200,12600
2025-05-06,14600,10400,10300
2025-05-08,14100,10700,10700
2025-05-09,14600,10800,10300
2025-05-11,14100,10800,12600
2025-05-12,14100,9800,12600
2025-05-13,9000,10800,12800
2025-05-14,9000,10600,12800
2025-05-15,14600,10400,12800
2025-05-16,14100,9800,12600
2025-05-19,14000,10200,14000
2025-05-20,14600,10800,12800
2025-05-21,14100,10800,12600
2025-05-22,14600,10800,12800
2025-05-23,14000,10800,14000
2025-05-26,14600,10800,13300
2025-05-27,14100,10700,12600
2025-05-28,14600,10800,10300
2025-05-29,14100,10800,12600
2025-05-30,14600,10800,12600
2025-06-03,14500,10200,12500
2025-06-05,14600,10400,12400
2025-06-06,14100,10800,12600
2025-06-08,14600,10800,12600
2025-06-10,14000,9800,9800
2025-06-11,14600,10800,10300
2025-06-13,14400,10800,10300
2025-06-16,14100,10800,14100
2025-06-17,14600,10400,12400
2025-06-18,14100,10800,12600
2025-06-19,14600,10800,12600
2025-06-20,14100,10700,12600
2025-06-23,14600,10400,12600
2025-06-24,8600,10800,12600
2025-06-25,14400,10800,12600
2025-06-26,14100,10800,12600
2025-06-27,14600,10800,12600
2025-06-30,14900,10800,12600
2025-07-03,14500,10200,11700
2025-07-05,14000,11200,12600
2025-07-07,14400,10800,12600
2025-07-08,14000,10800,12700
2025-07-10,14600,10800,10300
2025-07-11,14800,10800,10800
2025-07-14,14600,10800,10300
2025-07-15,13000,10800,10800
2025-07-16,14400,10800,10300
2025-07-17,14000,10800,12600
2025-07-18,14600,10800,10000
2025-07-21,14100,10800,10800
2025-07-22,14600,10800,12600
2025-07-23,14600,10800,10300
2025-07-24,14100,10800,10800
2025-07-25,14600,10800,12500
2025-07-28,14000,9800,9800
2025-07-29,14600,10800,10000
2025-07-30,14100,10800,12600
2025-07-31,14600,10800,12600
2025-08-03,13500,10400,13500
2025-08-04,14000,10600,11400
2025-08-05,14600,10800,12300
2025-08-07,14000,10800,12600
2025-08-08,14600,10800,12600
2025-08-09,14100,9800,12600
2025-08-10,14100,10800,12600
2025-08-12,14600,10800,12600
2025-08-13,14000,10800,12600
2025-08-14,14600,10800,12600
2025-08-15,14100,10700,12600
2025-08-18,14600,10100,10300
2025-08-19,14100,10800,12600
2025-08-20,14600,10800,12600
2025-08-21,14000,10800,14000
2025-08-22,14600,10800,12600
2025-08-25,8600,10800,12600
2025-08-26,14600,10300,10300
2025-08-27,8600,10800,10800
2025-08-28,14600,10800,12600
2025-08-29,14100,10500,12600
2025-09-04,14500,9600,9600
2025-09-05,13500,11200,11200
2025-09-06,14600,10800,12600
2025-09-07,14400,10800,12600
2025-09-09,14400,10800,12600
2025-09-10,14600,10400,12600
2025-09-12,14100,11600,12600
2025-09-15,14200,10800,12500
2025-09-16,14000,10800,12600
2025-09-17,14600,10800,12600
2025-09-18,14000,10700,12600
2025-09-19,14600,10800,12600
2025-09-22,14100,10800,12600
2025-09-23,14600,10800,10300
2025-09-24,14000,10800,12700
2025-09-25,14600,10800,10000
2025-10-03,14500,10800,11700
2025-10-06,8600,10800,12600
2025-10-09,14100,9800,12600
2025-10-10,16200,10800,12200
2025-10-11,14800,10800,12600
2025-10-12,14600,10800,10800
2025-10-13,14400,10800,10300
2025-10-14,14100,12600,12600
2025-10-15,14600,10800,10300
2025-10-16,14100,10800,12600
2025-10-17,10200,18800,10300
2025-10-20,14100,10700,10700
2025-10-21,14600,10800,12600
2025-10-22,14100,9800,12600
2025-10-23,14600,10400,12700
2025-10-24,14100,10800,12700
2025-10-27,14600,10800,12600
2025-10-28,14000,10800,11400
2025-10-29,14600,10800,12600
2025-10-31,14800,10800,10300
2025-11-03,14500,10800,10300
2025-11-06,14000,10800,10300
2025-11-07,14100,10700,12600
2025-11-08,14100,10800,12600
2025-11-09,14400,10800,10300
2025-11-11,14100,10800,10800
2025-11-12,14100,10700,12600
2025-11-13,14000,10800,12600
2025-11-14,11300,10800,11400
2025-11-17,14100,10700,12600
2025-11-18,14600,10400,12600
2025-11-19,14000,9800,12600
2025-11-20,14400,10800,12600
2025-11-21,14100,10800,12600
2025-11-24,14400,10600,12600
2025-11-26,14600,10400,12400
2025-11-28,14600,10800,12600
2025-12-03,15100,10400,10800
2025-12-05,14600,10800,12300
2025-12-06,14100,10800,10800
2025-12-08,14500,10800,10300
2025-12-09,14100,10800,12600
2025-12-11,14600,10800,12400
2025-12-12,14600,10800,12600
2025-12-15,14100,10800,12600
2025-12-16,14400,10800,12600
2025-12-17,14100,10800,12600
2025-12-18,14600,10800,12600
2025-12-19,14000,10700,9800
2025-12-20,14100,10800,12600
2025-12-21,14800,12600,12200
2025-12-22,15500,14400,11800
2025-12-23,14100,10800,12600
2025-12-24,14100,10800,12600
2025-12-25,14100,10800,12600
2025-12-26,14100,10800,12600
2025-12-27,14100,10800,12600
2025-12-28,14100,10800,12600
2025-12-29,14100,10800,12600
2025-12-30,14100,10800,12600
2025-12-31,14100,10800,12600
2026-01-01,14100,10800,12600
2026-01-02,14100,10800,12600
2026-01-03,14100,10800,12600
2026-01-04,14100,10800,12600
2026-01-05,14100,10800,12600
2026-01-06,14100,10800,12600
2026-01-07,14100,10800,12600
2026-01-08,14100,10800,12600
2026-01-09,14100,10800,12600
2026-01-10,14100,10800,12600
2026-01-11,14100,10800,12600
2026-01-12,14100,10800,12600
2026-01-13,14100,10800,12600
2026-01-14,14100,10800,12600
2026-01-15,14100,10800,12600
2026-01-16,14100,10800,12600
2026-01-17,14100,10800,12600
2026-01-18,14100,10800,12600
2026-01-19,14100,10800,12600
2026-01-20,14100,10800,12600
2026-01-21,14100,10800,12600
2026-01-22,14100,10800,12600
2026-01-23,14100,10800,12600
2026-01-24,14100,10800,12600
2026-01-25,14100,10800,12600
2026-01-26,14100,10800,12600
2026-01-27,14100,10800,12600
2026-01-28,14100,10800,12600
2026-01-29,14100,10800,12600
2026-01-30,14100,10800,12600
2026-01-31,14100,10800,12600
2026-02-01,14100,10800,12600
2026-02-02,14100,10800,12600
2026-02-03,14100,10800,12600
2026-02-04,14100,10800,12600
2026-02-05,14100,10800,12600
2026-02-06,14100,10800,12600
2026-02-07,14100,10800,12600
2026-02-08,14100,10800,12600
2026-02-09,14100,10800,12600
2026-02-10,14100,10800,12600
2026-02-11,14100,10800,12600
2026-02-12,14100,10800,12600
2026-02-13,14100,10800,12600
2026-02-14,14100,10800,12600
2026-02-15,14100,10800,12600
2026-02-16,14100,10800,12600
2026-02-17,14100,10800,12600
2026-02-18,14100,10800,12600
2026-02-19,14100,10800,12600
2026-02-20,14100,10800,12600
2026-02-21,14100,10800,12600
2026-02-22,14100,10800,12600
2026-02-23,14100,10800,12600
2026-02-24,14100,10800,12600
2026-02-25,14100,10800,12600
2026-02-26,14100,10800,12600
2026-02-27,14100,10800,12600
2026-02-28,14100,10800,12600
2026-03-01,14100,10800,12600
2026-03-02,14100,10800,12600
2026-03-03,14100,10800,12600
2026-03-04,14100,10800,12600
2026-03-05,14100,10800,12600
2026-03-06,14100,10800,12600
2026-03-07,14100,10800,12600
2026-03-08,14100,10800,12600
2026-03-09,14100,10800,12600
2026-03-10,14100,10800,12600
2026-03-11,14100,10800,12600
2026-03-12,14100,10800,12600
2026-03-13,13675,10675,12600
2026-03-14,13250,10550,12600
2026-03-15,12825,10425,12600
2026-03-16,12400,10300,12600
